ex_0	Miss	305386	199359	114633	53624	21459	13654	11618	10439	9302	7970	6532	5098	3351	1214	1	0	0	0	0	0	0	0	0	
ex_2	Miss	0	0	0	0	0	0	10	2	8	41	18	46	24	73	56	46	82	62	176	146	141	196	140	
ex_6	Miss	0	0	0	0	0	2	0	3	1	2	5	33	32	27	43	64	48	57	163	56	117	88	136	
ex_7	Miss	0	0	0	0	0	4	0	1	26	22	16	2	23	28	25	24	181	45	73	38	70	182	160	
ex_8	Miss	0	0	0	0	0	0	3	6	9	23	3	24	21	25	10	64	85	39	28	46	94	83	127	
msn_4	Miss	1422665	1166337	973080	783127	584457	361158	156720	37353	1797	0	0	0	0	0	0	0	0	0	0	0	0	0	0	
msn_5	Miss	1286395	986986	784807	600111	387001	154986	25146	8705	4114	10	0	0	0	0	0	0	0	0	0	0	0	0	0	
3.cache	Miss	4171146	636913	636913	554254	554254	495024	495024	449296	449296	410646	410646	376690	376690	345998	345998	318594	318594	292176	292176	268606	268606	246459	246459	
5.cache	Miss	15424224	5571647	5571647	5128144	5128144	3666969	3666969	548679	548679	435988	435988	342540	342540	262865	262865	196284	196284	140105	140105	96786	96786	62486	62486	
6.cache	Miss	30790900	25486030	25486030	2570889	2570889	1160859	1160859	833568	833568	631026	631026	467961	467961	336792	336792	233944	233944	157531	157531	105072	105072	68957	68957	
